090669557495775029398786200191150966492834326992760111921147019121544071120594925437550915972221889558814464677073322087304756419686347110153433444239864644607975469106440153645469003962042831670337489873231529603022845022332677282529260321658548246418284161785422031311028722018384144177308397697079
548761298387373827125879881254520572281087837354058389753029292072130627317047567351850714370789362086212574343245058076398264360123417124467314441649730127161833169286852272458055386202594243313512643693974524716011016771339088119353773557092627906906462540235561242052734884504648730632442487125126
256492325250218172737453334046441433851623698031843470448622980087229227293789270107095589919490770161340773194994359621434520377055504374201890222122918511781082722925933580237481935327511946980016209159533722561567885243903328779231216974447933169115097165804373120589370486432657618263833003147058
622095407068561480357989275908505386923040407081995608754298669730164168832535609850710866735623637154386912456175315232943533218967338426467981760131532780854986007295907860621290161283997106478772613842243483621513019337596333281887078180266585471724759467136791046189618953243384190783723207783769
662734230816291283164779633621852328293497778483643011246016930459654461479013016494327239299141832442918292828792260665967791031057013386754957690179336014144860489518395930060698534766155903412771221703368585514886207862244629330087444160688813931700656885924152939845919601891639313531002284936585
046964194898786887229618908335197488446793334118464896516164555386011869698723682114995565374394383482454013874301025157099652051591475796984617483466854920094526183414078188299420234064826680179112459382216241432876282525352489758545533791602899790706287405285688509172206498486310973409259102366683
815596972889907718181180867476369783045688548280458766759004126827456715007719411371237076410347574952673339569691702191465322280289196903303419243071253365452672284076331320259157906541415470379193044894252891283068595335250283506781003220131805130860946414155448561864080717883994955634832729783776
283840184601128270497534943852633102499549143848187405163936340004406314148159177272636133694120212293929402824559163841209306586112155456009693786710339020307322946920547216271240709531748753723553170127956680200279513677041406662542477354000516729151249323193091157638082385960214228510944304593272
234628582950564484223455784039997418342793012262578925145614595867572755501110071494470274497246709624894180157523523342956588194393662373600884755706449213877572761340101851581295944514631681929956180539065928671823383047745509231180439287042890787237826695278656247778229599303403600662448944103721
167170289286150937640938907070717100574669752791516015176949584479628126121408944674235898034483510469759838623100300013303441558376786461811050101148095016406465979663399824511007775967713640770722659187232485095402786384248850467376155948429437698603331755118640529355862813660447469135048984419398
