090669 096649 
750293 450223 
502939 502233 
398786 398646 
862001 872201 
620019 690039 
200191 470191 203131 
001911 701912 031311 
019115 019121 
115096 315296 
150966 152960 
326992 326772 
211470 215440 
470191 471101 
121544 120594 101534 
711205 711015 
755091 754691 
972221 872201 
722218 722018 
222188 220183 
588144 384144 
881446 841441 
467707 460797 769707 
220873 220313 220183 
641968 641828 
347110 313110 
110153 440153 
101534 401536 
015343 015364 
986464 482464 
864644 824641 
975469 645469 
754691 454690 
546910 546900 
469106 469003 
015364 018384 
428316 828416 
283167 233267 284161 
873231 872201 
231529 282529 
502233 542203 
585482 785422 
854824 854220 
418284 018384 
182841 183841 
828416 838414 
220313 220183 
<------------Next-300-Signals------------>
382712 341712 
827125 862125 487125 
271258 271618 272458 871251 
712587 712512 
988125 487125 
881254 871251 
125452 625402 
254520 254023 
545205 245805 540235 
452057 458055 
783735 756735 
735405 735185 
540583 580553 
405838 805538 
058389 055386 
292072 242052 
207213 205273 
130627 730127 
306273 301271 205273 
062731 052734 
731704 731444 
714370 713390 
789362 709262 
086212 386202 
862125 862025 
621257 620259 
212574 202594 
257434 259424 
574343 594243 
343245 348845 
432450 488450 
324505 124205 
245058 242052 
580763 580553 
398264 351264 
982643 512643 
826436 126436 
264360 264369 
643601 643693 
123417 124467 
341712 248712 
417124 487125 
164973 464873 
649730 648730 
497301 487306 
012716 011016 
272458 273488 
424331 424871 
313512 712512 
046487 442487 
464873 424871 
<------------Next-300-Signals------------>
172737 272937 
727374 729378 
441433 447933 
236980 946980 
369803 469800 
698031 698001 
980318 980016 
486229 087229 
862298 872292 
229800 469800 
298008 698001 
980087 980016 
800872 800162 
008722 082722 
087229 827229 
872292 272292 
722922 222122 722925 
229227 221229 229259 
292272 272292 
789270 589370 
892701 893704 
010709 016209 
070955 770555 
709558 705550 
991949 731949 
919490 319499 
194907 194994 
907701 407731 
077016 077319 
773194 751194 
319499 119469 
194994 194698 
434520 437420 
555043 658043 
550437 580237 580437 
504374 802374 804373 
043742 023748 043731 
420189 120589 
201890 205893 
221229 827229 229259 
212291 272292 
229259 209159 
925933 915953 
358023 658043 
580237 580437 
802374 804373 
779231 479331 
792312 793316 
<------------Next-300-Signals------------>
095407 040407 098507 295907 
954070 404070 959078 
540706 040708 590786 
407068 407081 
803579 808549 
035798 085498 
927590 729590 
275908 295907 
053869 543869 
538692 438691 
386923 386912 
869230 669730 
692304 697301 
407081 467981 
956087 986007 
560875 560985 
986697 986007 
985071 585471 
850710 854717 
086673 189673 
866735 896733 
154386 854986 
543869 549860 
321896 461896 
218967 618961 
189673 189618 
896733 596333 
967338 963332 
673384 243384 
733842 613842 433841 
338426 138422 338419 
384264 384224 
842646 842243 
798176 778376 
131532 189532 
959078 419078 
590786 190783 
907860 907837 
710647 717247 
478772 078372 
787726 783723 
261384 243384 
224348 324338 
243483 243384 
907837 077837 
078372 778376 
<------------Next-300-Signals------------>
779633 779103 
633621 933601 
336218 336014 336858 
362185 368585 
523282 829282 
232829 291829 292828 282879 
328293 228493 
282934 284936 
349777 341277 
784836 284936 
848364 849365 
246016 226066 
460169 960189 
601693 901793 601891 
016930 017933 
614790 615590 
013016 013386 018916 
141832 148862 
291829 241529 
287922 277122 
792260 793360 
701338 703368 
017933 217033 
179336 170336 
793360 703368 293300 
933601 933008 919601 
414486 514886 
144860 148862 444160 
448604 441606 
486048 416068 
860489 960189 
604895 601891 
300606 700656 
006069 006568 
060698 160688 065688 
606985 606888 656885 
244629 241529 
446293 415293 
160688 065688 
606888 656885 
813931 163931 313531 
139317 639313 135310 
393170 393135 353100 
<------------Next-300-Signals------------>
469641 489651 
641948 649848 
489878 489758 
898786 498486 
987868 984863 
878688 078188 
786887 781882 706287 
868872 969872 
688722 698723 
872296 172206 
722961 722064 
974884 174834 975854 
748844 748346 
488446 483466 498486 
464896 064826 
648965 648266 248975 
489651 489758 
965161 945261 
645553 545533 
455538 455337 
869698 579698 
696987 796984 
969872 969846 
987236 910236 
236821 266801 
824540 834140 
013874 062874 
099652 009452 
051591 092591 
834668 236668 
668549 688509 
094526 064826 
452618 482668 
183414 162414 
414078 414328 
023406 023666 
287628 285688 
<------------Next-300-Signals------------>
155969 956969 
559697 569691 
728899 788399 
990771 500771 
907718 007719 
077181 077194 
118086 513086 
180867 130860 
086747 080717 
867476 827456 
476369 470379 
369783 729783 
697830 690330 297837 
978304 919304 978377 
830456 827456 
456885 456715 
568854 561864 
675900 671500 678100 
412682 452672 
671500 678100 
500771 506781 
007719 037919 
237076 284076 
749526 949556 
495267 545267 495563 
952673 452672 
526733 526722 
702191 802891 202591 703791 
021914 028919 025915 
219146 289196 
228028 525028 
280289 250283 
802891 202591 252891 
028919 025915 037919 528912 
289196 289128 
919690 915790 
303419 304489 
125336 128306 
633132 634832 
202591 252891 
654141 464141 
541415 641415 
414154 414155 
141547 141554 
<------------Next-300-Signals------------>
838401 438481 
384018 384818 
840184 848187 
128270 124070 
049753 748753 
497534 487537 
438526 238596 
385263 385960 
526331 726361 
263310 263613 
633102 033902 
331024 339020 
549143 559163 
491438 591638 
914384 916384 944304 
143848 163841 
740516 000516 
405163 005167 
051639 051672 
516393 512493 
634000 354000 
340004 540005 
400044 400051 
004406 041406 
063141 163841 
631414 638412 
694120 384120 
941202 940282 841209 
412021 412093 
202122 602142 
021229 073229 021422 
212293 412093 512493 
122939 120930 124932 
939294 732294 
392940 322946 
294028 214228 
824559 823859 
245591 235531 
638412 638082 
412093 512493 
120930 124932 
020307 020027 
627124 625424 
095317 355317 
953174 553170 
531748 531701 
701279 200279 
012795 002795 
127956 027951 
279566 279513 
662542 602142 
<------------Next-300-Signals------------>
829505 429565 
295056 295658 
505644 570644 
056448 096248 
997418 995618 
974183 944103 
418342 410372 
625789 624489 
514561 514631 
145958 185158 
459586 659286 
595867 592867 
958675 928671 
586757 387757 
867572 877572 867182 
675727 775727 
757275 757276 
572755 572761 
275550 475570 774550 
755501 755706 745509 
007149 027449 
494470 894410 
944702 944103 
447027 441037 
670962 600662 
709624 006624 
096248 066244 
624894 244894 
248941 448944 
489418 489441 
894180 894410 
418015 018515 
180157 185158 
295658 995618 
956588 956180 
819439 819299 
373600 403600 
736008 036006 
360088 360066 
581295 782295 
812959 822959 
129594 229599 
295944 295993 
618053 118043 
180539 180439 
805390 804392 
065928 043928 
<------------Next-300-Signals------------>
861509 761559 
615093 615594 
150937 155837 
509376 558376 
171005 181105 
710057 110077 
100574 100777 
005746 044746 
746697 646597 
466975 046975 465979 
669752 469759 
697527 697598 
495844 489844 
584479 984419 
844796 044746 844193 
447962 447469 
796281 586281 
962812 862813 
628126 628136 
281261 281366 
612140 618110 
894467 850467 
980344 330344 
803448 303441 
034483 034415 
344835 344155 
598386 558376 
386231 586281 
862310 862813 
030001 050101 
344155 376155 
837678 437698 
376786 376986 
767864 769860 
678646 640646 
181105 186405 
501640 509540 
677136 628136 
713640 118640 813660 
136407 186405 136604 
591872 594842 
155948 135048 
<------------Next-300-Signals------------>
