722218 722018 
546910 546900 
182841 183841 
<------------Next-300-Signals------------>
862125 862025 
826436 126436 
264360 264369 
649730 648730 
<------------Next-300-Signals------------>
698031 698001 
872292 272292 
722922 722925 
550437 580437 
580237 580437 
<------------Next-300-Signals------------>
384264 384224 
<------------Next-300-Signals------------>
179336 170336 
<------------Next-300-Signals------------>
<------------Next-300-Signals------------>
541415 641415 
414154 414155 
<------------Next-300-Signals------------>
384018 384818 
914384 916384 
012795 002795 
<------------Next-300-Signals------------>
595867 592867 
867572 877572 
675727 775727 
757275 757276 
812959 822959 
180539 180439 
<------------Next-300-Signals------------>
628126 628136 
376786 376986 
<------------Next-300-Signals------------>
