50293 50223 
00191 70191 
01911 01912 
15096 15296 
72221 72201 
22218 22018 
88144 84144 
67707 69707 
10153 40153 
01534 01536 
86464 82464 
75469 45469 
54691 54690 
46910 46900 
28316 28416 
85482 85422 
18284 18384 
82841 83841 
<------------Next-300-Signals------------>
27125 87125 
71258 71251 
88125 87125 
25452 25402 
45205 45805 
05838 05538 
30627 30127 
06273 05273 
86212 86202 
62125 62025 
24505 24205 
82643 12643 
26436 26436 
64360 64369 
41712 48712 
64973 64873 
49730 48730 
13512 12512 
46487 42487 
<------------Next-300-Signals------------>
72737 72937 
36980 46980 
69803 69800 
98031 98001 
86229 87229 
29800 69800 
98008 98001 
87229 27229 
72292 72292 
22922 22122 22925 
89270 89370 
70955 70555 
91949 31949 
19490 19499 
07701 07731 
19499 19469 
55043 58043 
50437 80437 
04374 02374 04373 
20189 20589 
21229 27229 
58023 58043 
80237 80437 
79231 79331 
<------------Next-300-Signals------------>
95407 95907 
54070 04070 
40706 40708 
27590 29590 
53869 43869 
38692 38691 
69230 69730 
85071 85471 
86673 89673 
54386 54986 
21896 61896 
18967 18961 
96733 96333 
73384 43384 
33842 13842 33841 
38426 38422 
84264 84224 
59078 19078 
90786 90783 
78772 78372 
24348 24338 
07837 77837 
78372 78376 
<------------Next-300-Signals------------>
33621 33601 
23282 29282 
28293 28493 
84836 84936 
60169 60189 
01693 01793 
17933 17033 
79336 70336 
93360 93300 
14486 14886 
44860 44160 
60489 60189 
00606 00656 
60698 60688 
60688 65688 
13931 63931 13531 
39317 39313 
<------------Next-300-Signals------------>
98786 98486 
78688 78188 
68872 69872 
72296 72206 
74884 74834 
64896 64826 
48965 48975 
45553 45533 
69698 79698 
96987 96984 
34668 36668 
<------------Next-300-Signals------------>
55969 56969 
90771 00771 
07718 07719 
18086 13086 
69783 29783 
97830 97837 
49526 49556 
95267 45267 
52673 52672 
02191 02891 02591 
28028 25028 
02891 02591 52891 
28919 28912 
54141 64141 
41415 41415 
14154 14155 
<------------Next-300-Signals------------>
38401 38481 
84018 84818 
49753 48753 
38526 38596 
26331 26361 
33102 33902 
91438 91638 
14384 16384 
40516 00516 
05163 05167 
34000 54000 
40004 40005 
63141 63841 
94120 84120 
41202 41209 
02122 02142 
12293 12093 12493 
39294 32294 
12093 12493 
95317 55317 
53174 53170 
01279 00279 
12795 02795 
27956 27951 
<------------Next-300-Signals------------>
29505 29565 
59586 59286 
95867 92867 
86757 87757 
67572 77572 
75727 75727 
57275 57276 
75550 75570 74550 
94470 94410 
09624 06624 
24894 44894 
48941 48944 
18015 18515 
95658 95618 
73600 03600 
36008 36006 
81295 82295 
12959 22959 
29594 29599 
18053 18043 
80539 80439 
<------------Next-300-Signals------------>
61509 61559 
10057 10077 
46697 46597 
66975 46975 
69752 69759 
84479 84419 
44796 44746 
96281 86281 
62812 62813 
28126 28136 
80344 30344 
03448 03441 
86231 86281 
37678 37698 
76786 76986 
13640 18640 13660 
<------------Next-300-Signals------------>
